Vertices
0 0
1 0
1 1
0 1
-1 1
-1 0
-1 -1
0 -1
0.5 0
0.5 0.5
0 0.5
-0.5 0.5
-0.5 0
-0.5 -0.5
0 -0.5
1 0.5
0.5 1
-0.5 1
-1 0.5
-1 -0.5
-0.5 -1
0.25 0
0.25 0.25
0 0.25
-0.25 0.25
-0.25 0
-0.25 -0.25
0 -0.25
0.75 0
1 0.25
0.75 0.75
1 0.75
0.75 1
0 0.75
0.25 1
-0.25 1
-0.75 0.75
-0.75 1
-1 0.75
-0.75 0
-1 0.25
-1 -0.25
-0.75 -0.75
-1 -0.75
-0.75 -1
0 -0.75
-0.25 -1
0.5 0.25
0.75 0.25
0.25 0.5
0.75 0.5
0.5 0.75
-0.25 0.5
0.25 0.75
-0.25 0.75
-0.5 0.25
-0.5 0.75
-0.75 0.5
-0.5 -0.25
-0.75 0.25
-0.75 -0.25
-0.25 -0.5
-0.75 -0.5
-0.5 -0.75
-0.25 -0.75
#
Triangles
1	29	28
15	48	29
8	28	48
29	28	48
2	30	31
9	50	30
15	31	50
30	31	50
0	21	22
8	47	21
9	22	47
21	22	47
15	48	50
8	47	48
9	50	47
48	50	47
3	33	34
10	53	33
16	34	53
33	34	53
0	22	23
9	49	22
10	23	49
22	23	49
2	32	30
16	51	32
9	30	51
32	30	51
10	53	49
16	51	53
9	49	51
53	49	51
4	37	36
17	56	37
11	36	56
37	36	56
3	33	35
10	54	33
17	35	54
33	35	54
0	24	23
11	52	24
10	23	52
24	23	52
17	56	54
11	52	56
10	54	52
56	54	52
4	38	36
18	57	38
11	36	57
38	36	57
5	39	40
12	59	39
18	40	59
39	40	59
0	24	25
11	55	24
12	25	55
24	25	55
18	57	59
11	55	57
12	59	55
57	59	55
5	41	39
19	60	41
12	39	60
41	39	60
6	42	43
13	62	42
19	43	62
42	43	62
0	25	26
12	58	25
13	26	58
25	26	58
19	60	62
12	58	60
13	62	58
60	62	58
6	44	42
20	63	44
13	42	63
44	42	63
7	45	46
14	64	45
20	46	64
45	46	64
0	26	27
13	61	26
14	27	61
26	27	61
20	63	64
13	61	63
14	64	61
63	64	61
6	44	42
20	63	44
13	42	63
44	42	63
7	45	46
14	64	45
20	46	64
45	46	64
0	26	27
13	61	26
14	27	61
26	27	61
20	63	64
13	61	63
14	64	61
63	64	61
#
